"","id","tp","fp","fn","tn","sens","spec","ppv","npv","acc","plr","nlr","auc","auc_ci","setting","cys","creatine","n","age","Male sex, n (%)","logit_ppv","logit_npv","var_logit_ppv","var_logit_npv","auc_lower","auc_upper","auc_mean","auc_width","auc_se","logit_auc","m_p"
"1","1",88,0,13,82,87.1,99.99,0.9999,0.863,91.8,NA,0.13,0.94,NA,"ward",1.77,108.76,170,4.72,0.6,9.21024036697596,1.8404337652553,2.01129943502825,0.0861952861952862,NA,NA,NA,NA,NA,2.75153531304195,0.6
"2","2",21,6,3,3,87.5,33.3,0.778,0.5,72.7,1.31,0.38,0.74,NA,"ward",0.57,0.7,48,6.43,0.625,1.25404914230611,0,0.200357781753131,0.571428571428571,NA,NA,NA,NA,NA,1.04596855518269,0.625
"3","3",17,19,6,65,73.9,77.4,0.472,0.915,76.6,3.27,0.34,0.92,"0.82-1.00","PICU",0.53,44.2,107,1.36,0.5607,-0.112117298120706,2.37627280878521,0.108424908424908,0.169113329418673,0.82,1,0.91,0.18,0.0459183673469388,2.44234703536921,0.5607
"4","4",22,3,8,28,73.3,90.3,0.88,0.778,81.7,7.55,0.3,0.88,"0.77-0.95","PICU",1.8,0.84,61,6.13,0.613,1.99243016469021,1.25404914230611,0.33015873015873,0.152734778121775,0.77,0.95,0.86,0.18,0.0459183673469388,1.99243016469021,0.613
"5","5",5,4,2,30,71.43,88.24,0.5556,0.9375,85.37,6.07,0.32,0.75,"0.59-0.87","PICU",NA,0.67,41,7.63,0.639,0.223323553114714,2.70805020110221,0.404040404040404,0.432786885245902,0.59,0.87,0.73,0.28,0.0714285714285714,1.09861228866811,0.639
"6","6",92,6,20,82,93.75,57.95,0.9388,0.8039,87,2.23,0.11,0.884,"0.832-0.925","PICU",1.22,0.74,62,1.74,0.49,2.73045527445859,1.41085015013162,0.164656964656965,0.0609016999260902,0.832,0.925,0.8785,0.0930000000000001,0.0237244897959184,2.03086687153128,0.49
"7","7",6,6,0,50,100,89.29,0.9999,0.9999,90.32,9.33,0,0.88,"Not reported","ward",NA,0,200,NA,NA,9.21024036697485,9.21024036697596,0.307692307692308,2.01980198019802,NA,NA,NA,NA,NA,1.99243016469021,NA
"8","8",54,49,25,377,68.35,88.5,0.5243,0.9378,85.35,5.94,0.36,0.784,"0.746-0.819","ward",NA,0,79,4.43,0.624,0.0972766361402512,2.71318170691035,0.0385506440552312,0.0418646928970264,0.746,0.819,0.7825,0.073,0.0186224489795918,1.28913061266624,0.624
"9","9",8,5,5,14,61.5,73.7,0.615,0.737,68.4,2.34,0.52,0.66,"0.48-0.82","PICU",3.44,0.7,505,3.8,0.53,0.468378933518734,1.03043386001157,0.299465240641711,0.250783699059561,0.48,0.82,0.65,0.34,0.086734693877551,0.663294217410264,0.53
"10","10",90,0,0,30,100,99.99,0.9999,0.9999,100,NA,0,1,NA,"ward",0.0125,1.61,34,5.93,0.99,9.21024036697485,9.21024036697596,2.01104972375691,2.0327868852459,NA,NA,NA,NA,NA,Inf,0.99
"11","11",12,4,2,7,85.7,63.6,0.75,0.778,76,2.36,0.22,0.85,"0.70-1.00","PICU",0.69,0.42,120,2.9,0.56,1.09861228866811,1.25404914230611,0.302222222222222,0.533333333333333,0.7,1,0.85,0.3,0.076530612244898,1.73460105538811,0.56
"12","12",14,2,8,16,63.6,88.9,0.875,0.667,75,5.73,0.41,0.86,"0.75-0.97","ward",1258.7,80,18,4.625,0.45,1.94591014905531,0.69464755593518,0.468965517241379,0.17825311942959,0.75,0.97,0.86,0.22,0.0561224489795918,1.81528996663825,0.45
"13","13",35,16,35,74,50,82.2,0.686,0.679,68.1,2.81,0.61,0.7,"0.53-0.89","PICU",0.87,0.35,40,3.5,0.6,0.781484641817632,0.74918000442868,0.0887750746905677,0.0415918328764533,0.53,0.89,0.71,0.36,0.0918367346938776,0.847297860387203,0.6
"14","14",65,17,35,83,65,83,0.793,0.703,74.5,3.82,0.42,0.75,"0.60-0.90","PICU",0,0,160,7.1,0.57,1.34310442836948,0.861624753007965,0.0724100327153762,0.0401450619886987,0.6,0.9,0.75,0.3,0.076530612244898,1.09861228866811,0.57
"15","15",19,5,1,27,95,84.4,0.792,0.964,88.5,6.08,0.06,0.93,"0.864-0.995","ward",0,0,110,7.1,NA,1.33702331211311,3.28757235615444,0.233100233100233,0.703030303030303,0.864,0.995,0.9295,0.131,0.0334183673469388,2.58668934409794,NA
"16","16",19,5,1,27,95,84,0.792,0.964,88.7,6.08,0.06,0.93,"0.864-0.995","ward",1.04,49.504,52,3.5645,0.59,1.33702331211311,3.28757235615444,0.233100233100233,0.703030303030303,0.864,0.995,0.9295,0.131,0.0334183673469388,2.58668934409794,0.59
"17","17",19,4,3,12,86.4,75,0.826,0.8,81.6,3.46,0.18,NA,NA,"PICU",0.91,33.592,38,1.8,0.605,1.55753947430645,1.38629436111989,0.273504273504273,0.365714285714286,NA,NA,NA,NA,NA,NA,0.605
"18","18",18,4,6,21,75,84,0.818,0.778,79.6,4.69,0.3,0.85,"0.67-1.03","PICU",0.14,83.096,49,5.3,0.47,1.50285564952595,1.25404914230611,0.276276276276276,0.200357781753131,0.67,1.03,0.85,0.36,0.0918367346938776,1.73460105538811,0.47
"19","19",43,17,3,12,93.5,41.4,0.717,0.8,76.7,1.59,0.16,0.76,"0.60-0.81","PICU",0.74,112.268,60,6.6,0.48,0.929628942956383,1.38629436111989,0.0801313628899836,0.365714285714286,0.6,0.81,0.705,0.21,0.0535714285714286,1.15267950993839,0.48
"20","20",24,25,6,71,80,73.9,0.489,0.922,75.4,3.07,0.27,NA,NA,"PICU",1.37,0,126,3.62,0.556,-0.0440071007288324,2.469836396867,0.080032012805122,0.167832167832168,NA,NA,NA,NA,NA,NA,0.556
"21","21",21,0,2,9,91.3,99.99,0.9999,0.818,93.8,NA,0.09,0.94,"0.869-1.02","ward",1.07,41.2,32,8.75,0.4375,9.21024036697596,1.50285564952595,2.04651162790698,0.505263157894737,0.869,1.02,0.9445,0.151,0.0385204081632653,2.75153531304195,0.4375
"22","22",25,13,7,17,78,57,0.66,0.71,68,1.81,0.39,0.825,"0.694-0.956","PICU",1.47,63.382,62,1.9,0.593,0.663294217410264,0.895384047054841,0.113289760348584,0.19047619047619,0.694,0.956,0.825,0.262,0.0668367346938776,1.55059741241117,0.593
"23","23",12,1,0,21,100,95.5,0.9999,0.9999,97.05,22.22,0,0.981,NA,"PICU",1.24,79.56,34,NA,NA,9.21024036697485,9.21024036697596,0.746666666666667,2.04651162790698,NA,NA,NA,NA,NA,3.94413348039892,NA
"24","24",31,6,10,53,75.6,89.8,0.838,0.841,84,7.39,0.27,0.832,NA,"ward",1.066,55.576,100,9.2,0.68,1.6434217652497,1.66568745775272,0.185592185592186,0.113929684023142,NA,NA,NA,NA,NA,1.59986846141795,0.68
"25","25",34,12,6,70,85,85.4,0.739,0.921,85.2,5.83,0.18,0.89,"0.80-0.97","ward",NA,0,122,1.75,0.48,1.04077751362551,2.45601218378828,0.108985507246377,0.168030551009274,0.8,0.97,0.885,0.17,0.0433673469387755,2.09074109693377,0.48
"26","26",42,16,7,10,85.7,38.5,0.724,0.588,68,1.39,0.37,0.62,NA,"ward",NA,0,16,10.4,0.75,0.964390526668567,0.3557035985491,0.0841354723707665,0.228571428571429,NA,NA,NA,NA,NA,0.489548225318706,0.75
